100
9
1 5
1 9
2 6
3 8
4 7
5 8
6 7
6 8
46
1 8
1 14
2 15
2 37
2 39
3 8
3 12
3 33
4 8
4 38
5 18
6 31
6 42
7 26
8 18
8 21
9 44
10 24
10 33
10 44
11 21
12 32
13 34
13 41
15 26
15 29
16 20
16 33
17 41
19 45
21 35
22 25
22 28
23 27
24 43
27 46
28 43
30 45
31 38
32 46
34 37
36 43
39 40
39 45
41 46
1000
1 53
2 149
3 342
3 752
4 287
4 496
5 347
5 428
5 791
6 70
7 577
8 447
8 718
9 28
9 387
10 401
11 218
11 791
12 379
12 395
12 995
13 223
13 872
14 313
14 590
14 797
14 993
15 84
15 527
15 969
16 52
16 360
16 875
16 954
17 230
17 240
17 825
17 868
18 642
18 957
19 634
19 693
19 767
20 735
20 915
20 952
21 322
21 859
22 82
22 304
22 839
23 860
23 915
24 421
24 508
25 168
26 119
26 464
27 128
27 325
27 644
28 96
28 772
28 970
29 37
29 144
29 274
29 873
30 339
31 727
32 237
32 357
33 37
33 101
33 247
33 836
34 566
35 491
36 545
38 658
38 667
39 640
40 736
41 302
41 369
42 599
43 438
43 540
44 972
45 655
45 886
46 684
47 458
47 666
48 510
49 63
49 639
50 646
51 124
53 489
53 788
54 119
55 71
55 79
56 490
57 331
58 252
58 316
59 368
60 122
60 223
61 261
61 406
61 824
62 691
62 723
63 817
63 844
64 235
64 292
65 800
66 256
66 577
67 331
68 987
69 439
70 156
70 341
70 491
71 295
71 366
71 465
72 427
72 443
73 593
73 842
74 576
74 864
75 294
76 321
76 463
77 270
77 824
78 335
80 366
81 593
81 742
83 216
84 412
84 755
85 730
86 116
86 2